Animal,Treatment,Duration Cued 1,Duration Cued 2,Duration Cued 3,Duration Cued 4,Duration Cued 5,Duration Cued 6,Duration Cued 7,Duration Cued 8,Duration Cued 9,Duration Cued 10,Duration Spatial1 1,Duration Spatial1 2,Duration Spatial1 3,Duration Spatial1 4,Duration Spatial1 5,Duration Spatial1 6,Duration Spatial1 7,Duration Spatial1 8,Duration Spatial1 9,Duration Spatial1 10,Duration Spatial2 1,Duration Spatial2 2,Duration Spatial2 3,Duration Spatial2 4,Duration Spatial2 5,Duration Spatial2 6,Duration Spatial2 7,Duration Spatial2 8,Duration Spatial2 9,Duration Spatial2 10,Duration Spatial3 1,Duration Spatial3 2,Duration Spatial3 3,Duration Spatial3 4,Duration Spatial3 5,Duration Spatial3 6,Duration Spatial3 7,Duration Spatial3 8,Duration Spatial3 9,Duration Spatial3 10,Distance Cued 1,Distance Cued 2,Distance Cued 3,Distance Cued 4,Distance Cued 5,Distance Cued 6,Distance Cued 7,Distance Cued 8,Distance Cued 9,Distance Cued 10,Distance Spatial1 1,Distance Spatial1 2,Distance Spatial1 3,Distance Spatial1 4,Distance Spatial1 5,Distance Spatial1 6,Distance Spatial1 7,Distance Spatial1 8,Distance Spatial1 9,Distance Spatial1 10,Distance Spatial2 1,Distance Spatial2 2,Distance Spatial2 3,Distance Spatial2 4,Distance Spatial2 5,Distance Spatial2 6,Distance Spatial2 7,Distance Spatial2 8,Distance Spatial2 9,Distance Spatial2 10,Distance Spatial3 1,Distance Spatial3 2,Distance Spatial3 3,Distance Spatial3 4,Distance Spatial3 5,Distance Spatial3 6,Distance Spatial3 7,Distance Spatial3 8,Distance Spatial3 9,Distance Spatial3 10,Probe Entries 1,Probe Entries 2,Probe Entries 3,Probe Entries Ave,Probe Percent1,Probe Percent2,Probe Percent3,Probe Percent Ave,Probe2 Opposite Percent
1029,Fx,21.7,37.3,23,12.7,11.1,5.6,6.2,5.6,3.5,2.8,2.2,36.8,27.6,24.7,18.2,8.5,60,23.5,21.9,35.4,60,4.5,6,1.9,11.2,3.8,2.7,19.4,16.4,3,60,60,14.9,45.4,25.5,52.2,2.3,16.1,2.2,18.6,4.163,7.791,3.787,2.112,1.71,0.827,0.898,0.897,0,0.08,0.222,7.447,5.266,4.858,3.17,0.808,10.509,3.454,2.478,5.231,9.572,0,0.809,0,0,0.394,0.179,2.752,1.803,0.187,10.005,9.244,2.157,8.215,2.65,8.181,0.101,2.552,0.04,2.479,4,6,3,4,27,51.83,16.33,31.72,18.83
1030,Fx,13.7,25.8,4.1,43.7,15.4,11.9,8.6,7.2,5.2,3,5,2.2,4.6,9.3,7,5.9,7.4,4.8,2.6,28.7,27.6,7.9,17.8,29.1,11.9,7.7,9.9,4.7,6.2,2.5,11.7,5.9,13.6,2.7,2.5,6.9,9.3,5.2,8.2,40.1,1.934,3.844,0.57,8.647,3.118,2.152,1.601,1.122,0.576,0.416,0.638,0.172,0.401,1.382,0.626,0.412,1.128,0.601,0.132,4.723,0.64,0.987,2.209,4.886,1.636,1.026,1.459,0.549,0.608,0.031,1.587,0.819,1.81,0.081,0.101,0.857,1.139,0.654,0.918,6.906,5,3,5,4,37.17,27.67,32.17,32.33,25.17
1031,Fx,39.4,2.6,43.6,15.4,8.4,6.7,5.1,4.7,3.6,2.9,29.8,9,12.5,46.3,3,16.1,21.3,30.4,3.3,19.7,18.5,7.3,29.2,5.4,29.4,7.2,2.8,7.5,8.7,2.7,60,26.7,27.7,4.1,6.1,2.6,2.6,60,2.5,25.9,6.26,0.134,7.874,2.837,1.611,1.081,0.742,0.763,0.483,0.4,6.437,1.779,2.336,9.668,0.376,2.341,3.807,4.763,0.321,2.993,2.887,1.017,5.744,0.53,4.834,0.853,0.195,1.053,0,0.031,9.119,3.436,4.025,0.275,0.841,0.203,0.126,9.413,0.074,3.947,1,3,1,2,24.17,33.17,25.33,27.56,15.17
1032,Ac,41,5.5,4.7,2.5,9.2,14.7,6.3,8.2,5.8,3,17.7,7.1,44.7,7.4,19.9,7.8,11.5,5.5,4.7,4.4,37.3,31.5,2.6,3.5,3,4.1,16.7,13.5,11.6,8,15.3,10.2,18.1,24.3,4.7,9.1,1.9,4.1,2.4,5.4,8.464,0.92,0.767,0.271,1.563,3.062,0.877,1.351,0.749,0.359,3.486,1.131,8.829,0.993,2.87,0.612,0.663,0.297,0.361,0.47,6.511,5.539,0.182,0.418,0.364,0.318,1.934,1.762,0,0.807,2.257,1.022,2.397,4.192,0,1.58,0,0.585,0.1,0.755,4,6,2,4,33.67,45.83,27.33,35.61,25.33
1042,Sh,10.4,2.4,8.1,22.7,22.3,9,11.5,9,21.8,16.2,12.1,21.5,3.2,3.9,3.8,60,5.3,8.5,35.1,36.8,12.8,8.2,7.6,3.4,5.2,5.3,3,4.1,5.3,9,24,24.5,55.1,54.5,12.8,3.7,3.6,4.5,2.6,10.5,1.309,0.119,1.674,3.557,3.301,1.594,1.83,1.584,3.942,2.939,2.296,4.527,0.307,0.466,0.51,11.668,0.492,1.134,5.736,6.086,1.555,0.676,0.817,0,0.567,0.319,0.205,0.507,0.624,0.619,3.629,3.103,9.31,10.299,1.644,0.142,0.177,0.328,0.116,1.232,5,6,3,5,51.83,46.5,32.33,43.56,17.83
1043,Sh,31.7,6.5,7.3,20.7,7.8,6,19.6,11.4,8.6,18.8,21.5,9.2,5.1,4.4,4.1,4.9,3.3,3.6,2.6,3.9,58.3,12,12.2,48.2,27.9,6.4,7,4.9,8.5,3,46.1,13.4,56.9,19.7,20.7,12.2,2.7,11.5,2.4,18.5,5.033,0.764,0.561,3.491,1.427,0.876,3.794,2.262,1.172,3.197,4.205,1.57,0.767,0.506,0.574,0.307,0.273,0.298,0.069,0.323,7.978,1.418,0.963,8.658,4.428,0.702,0.425,0.738,0.804,0.218,8.242,2.088,10.126,2.996,3.306,1.748,0.083,1.728,0.124,2.908,0,5,3,3,18.33,51.67,25.67,31.89,21
1044,Sh,12.2,24.3,11,5.2,14.4,5.2,14,6.8,8.1,5,4.7,14.3,4.9,2.1,5.9,18.6,15.9,3.4,19.7,7.1,7.7,12,11.3,22.3,8.1,4.3,3.6,5.5,5.4,3.1,18.6,29.9,21,6.4,2.2,3,9.5,2.5,6.9,10,1.512,4.019,2.055,0.899,2.45,0.791,2.251,1.047,1.107,0.584,0.611,2.656,0.831,0.119,0.894,3.153,2.496,0.252,3.522,0.9,0.996,1.903,1.441,4.077,0.775,0.459,0.265,0.775,0.52,0.066,3.037,5.598,3.003,0.792,0.129,0.336,1.445,0.248,0.894,1.779,4,6,4,5,34.83,38.17,29.67,34.22,15.5
1045,Fx,60,60,56.6,4.2,6.6,2.4,4,4.9,10,18.7,11.6,11.5,13.1,14.2,10.6,4.7,12.5,10.1,17.6,6.3,12.3,13.2,12.2,2.3,5,22.4,6.1,48.8,3.3,2.8,20.9,14.9,9.5,14.3,22.1,8,6.4,7.9,2.5,8.6,10.797,10.585,10.225,0.599,1.001,0.162,0.487,0.727,1.964,2.969,2.171,2.075,1.898,2.463,1.406,0,1.37,0.803,1.96,0.409,1.368,1.481,1.778,0.112,0.482,3.81,0.434,9.143,0.344,0.164,3.24,2.47,1.393,2.181,4.018,1.176,0.868,0.97,0,0.982,5,4,2,4,32.33,31.67,34.5,32.83,18.33
1046,Fx,11.1,8.2,21.2,7.9,3.7,10.2,10,7.2,6,5.8,8,6.7,2.8,3.3,14.6,2.8,5.4,9,5.4,5,29.9,5.4,20.6,4.4,5.1,4.2,3.6,5,12.2,3.1,21,6.7,6.3,9.3,1.9,9.2,2.3,7,2.5,10.5,1.466,1.109,3.441,1.173,0.573,2.029,1.678,0.964,0.84,0.826,1.185,1.117,0.242,0.24,2.184,0.096,0.662,1.484,0.626,0.625,4.697,0.501,3.477,0.451,0.616,0.625,0.364,0.61,1.331,0.247,2.827,0.253,0.68,1.011,0,0.74,0.04,0.691,0.032,1.272,0,2,3,2,75,11.83,39.17,42,44.17
1047,Fx,60,37.8,9.2,2.8,3.9,7.5,14.7,5.6,3.6,3.5,3.1,3,60,7.2,4.3,3.3,4.8,5.9,5.2,8.2,22.4,28,5.5,8,6.1,6.3,12.3,10.9,6,6.7,60,60,22,45.8,18.9,60,3.6,47.6,29.5,9.5,11.096,5.986,1.206,0.249,0.644,1.319,2.616,0.789,0.583,0.468,0.466,0.348,12.01,0.995,0.552,0.237,0.545,0.714,0.609,1.044,3.526,4.708,0.642,1.213,0,0.984,1.981,1.761,0.826,0.877,9.357,9.133,3.441,7.837,2.911,9.67,0.216,9.14,5.152,1.531,2,1,0,1,25.67,20.33,6.67,17.56,29
1048,Fx,9,4.2,14.3,4.1,7.8,3,5.2,5.2,25.5,6.4,19.1,9.1,7.6,7.2,37.2,16.4,8,17.9,3.1,60,9.8,12.7,12.7,2.1,9.9,32,19.1,33.4,11.2,9,17.6,5.2,8.7,16.9,9.2,4,5.4,8,2.5,3.7,1.483,0.645,2.448,0.533,1.204,0.398,0.231,0.71,5.214,1.001,3.845,1.61,1.116,1.205,7.541,2.2,0.953,3.205,0.096,10.968,1.041,1.82,1.868,0.106,0.21,6.353,3.405,7.084,1.549,1.268,2.744,0.754,1.318,2.829,1.235,0.488,0.418,1.229,0.068,0.223,4,5,4,4,32.5,37.17,33.33,34.33,21.67
1057,Fx,30.3,7.7,10.4,39.9,10.5,7.6,23.7,12.7,13.5,11.4,7.6,6.1,5,7.6,9.4,5.9,9.4,11.1,4.3,23.8,23.2,26.9,10.9,7.9,8.2,8.4,19.7,10.7,39.8,10.6,57.1,30.8,56.4,60,47.9,13.5,10,33.8,31.8,7.2,4.014,1.031,0.748,7.337,1.344,1.262,3.345,1.075,1.712,1.761,1.06,0.717,0.702,0.919,1.532,0.57,0,1.174,0.149,3.994,2.981,3.528,0.733,0.622,0.419,0.503,1.855,1.155,5.03,0.938,7.648,3.845,9.098,9.103,4.077,1.042,0.208,3.018,2.302,0.637,8,2,3,4,43.5,35.83,35.33,38.22,18.33
1058,Fx,45.7,9.9,9.4,23.8,28.8,16.2,12.1,4.9,4.9,7.7,4.7,24.3,6.1,3.9,8.5,8.9,4.2,18.4,4.3,4.4,25.7,46,22.2,3.6,11.9,12.6,6.9,4.1,4.7,4.3,14.7,60,12.1,34.3,6.9,19.2,14,13,26.4,11.6,7.5,1.228,1.354,3.513,4.65,1.916,1.093,0.761,0.59,0.886,0.553,4.183,0.607,0.333,1.295,1.369,0.73,3.301,0.232,0.399,3.694,6.831,3.073,0.136,0.835,1.251,0.607,0.465,0.687,0.061,1.856,8.025,1.599,4.449,0.261,2.011,2.208,1.632,2.999,1.559,3,6,4,4,30,42.5,33.17,35.22,10.17
1059,Fx,17.8,11.7,41.3,7.1,9.3,8.5,29.8,14.7,6,3.9,9.4,3.9,4.3,4.9,10.4,4.1,5.4,6.8,4.3,8.3,60,23.5,35.4,16.5,14.4,4.2,8.7,4,11.2,4.3,60,39.9,35.4,30.6,40.9,60,60,23,16.6,10,2.085,1.881,7.994,0.88,1.595,1.232,5.27,1.879,0.753,0.368,1.224,0.45,0.441,0.54,1.193,0.256,0.585,0.412,0.11,0.793,8.013,3.261,3.909,2.089,0.861,0.289,0.256,0.297,1.213,0.147,6.988,4.897,4.182,3.913,4.358,7.437,6.484,3.318,1.223,1.341,2,8,5,5,53.17,51.83,27,44,9.33
1060,Fx,41.7,8.8,30.5,12,16,5,9.5,16.1,6.8,3.9,8.8,4.8,7.4,3.3,12.1,8.3,6.3,4.1,4.3,4.4,60,60,60,22,32.3,10.4,4,5.1,21.4,4.2,20.3,9.6,24,12.9,22.6,28.6,15.2,11.6,4.1,4.2,6.515,1.349,5.383,1.983,2.076,0.789,1.068,2.722,0.972,0.379,1.245,0.691,0.945,0.183,1.446,1.119,0.706,0.161,0.165,0.37,9.678,8.636,8.688,3.007,3.047,1.649,0.15,0.716,3.075,0.248,2.313,1.313,3.232,1.994,2.686,5.15,1.826,1.588,0.111,0.158,4,5,3,4,36,33.33,23.67,31,32.5
1061,Fx,34.9,15,60,10.7,9,6.1,13.4,7.4,25.9,5.5,7.6,10.6,31,5.4,8.7,5.7,30.8,5.9,6.2,13,5.8,15.6,9.2,5.2,5.9,7.1,5.8,5.8,12.2,9.3,60,17.7,25.7,20.9,14.4,8.8,6.1,27.1,30.8,20.5,7.334,2.985,12.207,1.62,1.261,0.82,2.321,1.199,4.834,0.558,0.05,2.093,5.756,0.619,0.326,0.248,6.083,0,0.262,2.267,0.783,2.669,1.235,0.087,0.417,1.062,0.235,0.485,1.921,1.599,10.771,2.598,4.394,3.168,2.265,1.301,0.3,5.072,5.25,3.136,2,3,4,3,28.17,27.83,27.17,27.72,21.5
1062,Fx,60,60,59.4,21.9,21.4,15.8,25.4,33,60,8.7,17.7,10.1,18.5,17.5,5.9,48.4,12.4,6,6.2,10.9,60,60,60,60,32,60,60,6.9,40.4,6.3,15.3,9.7,18.1,6.5,6.4,11.5,19.6,6.6,18.4,6.4,10.065,9.159,9.325,3.149,3.21,2.363,2.945,3.832,7.367,0.774,1.659,1.491,2.86,2.329,0.643,8.231,1.765,0.452,0.155,1.009,8.249,8.74,7.517,8.767,2.848,6.395,6.533,0.415,3.206,0.281,1.035,0.763,1.361,0.461,0.577,0.806,1.556,0.501,0.932,0.403,1,3,3,2,21.83,29,21.67,24.17,16.5
1064,Fx,59.3,8.4,13.9,17.5,9.2,16.8,60,16.1,8.6,5.6,7.3,44.9,7.4,8.7,12.5,5.7,6.2,6.2,6.3,13,60,27.8,13,5.3,5.6,6.1,13.5,6.4,19.7,6.6,6.9,4.8,23.9,5.1,11.2,6.2,6,8.8,6.5,6.6,11.257,1.456,2.327,3.154,1.253,3.26,10.751,2.509,1.201,0.055,0.915,8.972,1.068,1.369,0.614,0.194,0.873,0.089,0.349,1.849,10.504,4.163,1.737,0.567,0.417,0.728,1.912,0.72,3.416,0.793,1.022,0.447,3.861,0,0.865,0.6,0.406,1.178,0.185,0.431,8,11,7,9,69.17,54.5,34.83,52.83,14.17
1065,Sh,17.9,16.7,45.4,5.9,11.9,6,16.6,3.4,7.5,4.8,35.2,11.5,7.7,6.3,17.3,3.6,23.1,19.7,3,14.9,60,32.2,12,12.8,3.8,8.8,6.2,23,11.1,2.7,45.8,32.9,3.9,7.1,10,10.7,11.4,15.8,5.6,8.6,2.474,2.736,6.566,0.751,1.79,0.984,2.675,0.425,0.963,0.555,6.021,1.747,0.866,0.889,2.138,0.228,2.209,2.028,0.114,1.1,8.23,3.745,0.987,1.055,0.4,1.127,0.38,3.234,1.414,0.029,5.865,4.258,0.304,0.273,0.635,1.131,1.216,1.648,0.466,0.8,6,5,7,6,39.83,35.33,52.33,42.5,30
1066,Sh,9.7,13.1,6.3,18.1,3.9,10.6,4.7,10.3,6.4,2.9,3.7,3.3,12.2,23.8,19.7,12.3,15.7,11.4,4.9,29.9,15.3,27.3,16.6,6.2,32.7,5.7,5.1,5.5,7.3,3.8,11.6,18.1,13,33.2,19.5,7.2,8.7,18,11.1,9,1.485,2.445,0.938,3.254,0.533,1.566,0.54,1.865,0.56,0.351,0.457,0.321,2.389,5.127,4.039,0,2.394,1.526,0.405,5.889,2.14,4.712,2.152,0.436,5.22,0.455,0.472,0.812,0.702,0.45,1.784,3.009,1.633,6.071,3.293,0.798,1.016,3.319,1.381,1.288,3,4,2,3,28.67,36.17,22.5,29.11,20.83
1067,Sh,10,47.3,7.6,5.7,3.5,7.1,6.4,3.8,7.8,5,3.1,60,6.3,4.3,7.4,4.6,9.2,16.6,3.4,3.3,11.3,13.3,20.7,10.1,18.3,13.7,5.2,30.2,8.9,4.4,43.1,10.7,21.8,16.1,15.8,42.7,24,12.6,2.6,18.6,1.171,8.586,1.303,0.832,0.405,1.416,0.808,0.571,1.188,0.859,0.302,12.76,0.993,0.314,0.914,0.52,1.272,2.319,0.072,0.249,1.202,2.445,3.978,1.52,2.08,1.707,0.509,6.679,1.494,0.545,7.284,1.261,3.235,2.133,1.491,6.028,2.952,1.492,0.127,2.287,3,9,1,4,25.83,45,23.83,31.56,13.17
1068,Sh,27.3,7.8,21.8,26.7,5.3,7.1,5.9,3.2,4.7,4.2,1.6,20.2,6.7,27.9,4,10.5,6.7,5.1,3.3,11.8,60,27.2,13.7,7.3,13.8,7.6,2.4,6.2,7.1,7.8,35.4,7.6,2.9,52.5,9.6,40.3,2.4,3,6.5,24.8,4.131,1.194,2.853,5.59,0.902,0.084,0.969,0.457,0.617,0.585,0,4.669,0.97,5.833,0.254,1.069,0.704,0.384,0.034,0.938,9.148,3.952,0.946,0.756,0.63,1.004,0.098,0.872,0.896,0.938,4.444,0.912,0.384,10.986,1.519,8.477,0.068,0.342,0,4.819,0,3,7,3,0,41.67,33.83,25.17,23.33
1069,Ac,47.4,15.6,26.5,25.9,12.4,10.2,8,6.1,5.9,4.3,22.7,13.7,10,2.1,10,6.8,33.1,39.5,4.6,7.8,60,18.3,3.3,12.6,9.2,4.5,28.8,10.1,3.9,2.5,24.4,32.9,18.4,9.9,8.9,13.4,13.7,4.5,7.4,6.8,7.715,1.932,4.519,4.587,0.932,1.123,0.628,0.902,0.615,0.533,3.935,2.545,1.423,0.071,1.252,0.859,4.75,5.254,0.263,0.986,9.529,2.379,0.226,1.489,0.717,0.286,4.659,1.065,0.535,0,3.93,5.116,2.164,0.89,0.565,1.052,1.561,0.503,0.722,0.817,5,5,6,5,45,46.17,30.67,40.61,16.33
1070,Ac,60,5.1,8.3,4.4,14.8,3.8,11.5,11.2,5.4,4.9,7.5,14.3,5.8,13.2,13.9,46.2,11.1,7.7,3.9,3.9,27.7,16.4,13.7,5.7,4.5,2.1,5.8,7.2,15.6,2.9,13.1,19.5,10.5,13.8,3.2,8.4,39.2,4.8,9.4,3.1,9.011,0.625,1.037,0.608,3.154,0.375,1.377,2.085,0.694,0.646,1.266,2.879,0.895,2.371,2.906,0,1.265,1.288,0.157,0.292,4.824,2.698,2.199,0.657,0.59,0.078,1.006,0.8,2.148,0.172,1.647,2.918,1.284,1.224,0.226,1.074,6.838,0.739,0.949,0.264,1,3,3,2,30.33,40.17,29,33.17,17.17
1071,Ac,9.8,28.9,9.5,7.5,7.2,3.3,5.2,2.9,3,2.6,3.3,53.9,9.9,2.8,6.4,13.5,13.5,7.5,8.9,8.5,12.4,6.4,2.4,9.1,4,2.5,5.5,60,3.6,2.4,11.3,9.7,10.1,1.6,2.3,6.8,4.4,19.6,4,37.2,1.49,5.419,1.528,1.359,1.329,0.459,0.723,0.109,0.438,0.326,0.367,10.085,1.824,0.209,1.01,2.326,1.892,1.149,1.124,1.107,1.726,0.649,0.079,1.191,0.525,0.036,0.911,9.446,0.255,0.034,1.336,1.399,1.474,0,0.075,0.757,0.255,3.281,0.233,6.751,4,6,5,5,46.83,36,32.33,38.39,23.83
1072,Ac,60,29.4,5.9,5.7,6.2,9.5,7,3.3,6.9,2.5,60,8,6.5,37.8,6.3,5,5.4,11.4,2.4,10.8,60,60,17.9,6.6,18.3,7,6.5,4.9,9.5,8.1,17,14.4,31.5,2.3,1.6,8.2,5.6,4.9,43.5,7.4,11.11,5.316,0.556,0.88,0.687,1.988,0.851,0.536,0.668,0.35,11.626,1.185,0.586,7.225,0.669,0.509,0.466,1.604,0.031,1.468,8.944,9.689,1.358,0.614,2.428,0.851,0.812,0.777,0.779,0.919,2.182,2.428,4.851,0.031,0,1.259,0.764,0.638,7.405,0.879,2,12,7,7,7.33,46,39.17,30.83,11.33
1073,Ac,16.6,60,60,15.2,24.4,17.9,30.8,19.7,4.2,3.9,7.4,30.2,11.6,9.9,7.8,10.2,4.5,4.8,5.1,4.1,17,60,60,60,35.1,5.7,6.5,4.6,10.6,40.9,22.5,2.7,10.1,7.8,3.3,13.7,24.3,23.3,4.5,6.1,0,0,9.311,1.985,3.148,2.255,4.252,3.014,0.455,0.4,0.965,5.416,1.411,1.188,1.005,1.133,0.666,0.437,0.299,0.378,2.75,9.682,8.654,8.871,4.472,0.545,0.349,0.582,2.147,7.13,3.349,0.192,1.226,0.924,0.15,2.444,3.785,4.897,0.389,0.983,6,1,10,6,44.67,8.5,41.33,31.5,35.83
1074,Ac,38.3,60,17.3,39.2,12.1,7.5,18.4,12.1,8.3,4,18.9,13.8,11.4,10.8,13.9,3.5,17.8,3.8,4.9,7.5,60,42.8,39,9.7,8.9,4.4,3.7,26.7,13.3,4.7,15,6.6,20.2,19.1,8.7,4.3,3.6,4,5.7,8.9,0,9.776,1.889,5.859,1.122,0.896,0.772,1.759,1.046,0.438,3.174,2.205,1.904,1.631,2.216,0.118,2.781,0.025,0.308,1.084,9.999,6.043,4.825,1.037,1.145,0.424,0.167,4.734,2.034,0.501,2.229,0.906,3.266,3.276,1.516,0.449,0.289,0.279,0.741,1.361,2,4,10,5,17.83,36,39,30.94,22.17
1075,Ac,8.2,10.1,60,60,5.7,5.4,7.7,4.1,10.3,3.8,18.8,60,54.3,60,4.3,4.3,12.2,28.5,12.2,58.8,12.5,20.2,3.5,3.8,3.5,7.8,3.8,5.5,5.7,4.2,46.1,34.1,60,12.7,46.7,25.5,60,9.3,4.3,4.2,1.185,0,10.874,10.916,0.657,0.636,1.154,0.422,0.687,0.387,3.597,11.123,9.887,10.693,0.468,0.398,1.639,4.376,1.41,10.592,1.546,3.079,0.412,0.258,0.228,1.064,0.224,0.67,0.72,0.121,7.484,5.119,10.248,1.633,7.675,3.85,10.348,0.955,0.091,0.232,3,5,2,3,16.33,35.5,21.33,24.39,11
1076,Ac,60,56.5,23,8.9,16,8.6,11.8,9.4,5.7,11.4,17.9,14.4,25,29.9,18.7,34,10.1,9.2,4.6,56.8,26.8,10.1,15.1,3.1,7.7,3.6,3.8,3.8,9.3,4.7,14.9,29.7,17.8,12.1,5.3,5,6.1,11.2,6.7,31.7,9.663,7.827,3.641,1.433,2.91,1.289,1.726,1.363,0.694,1.355,2.901,2.555,3.86,5.311,2.361,6.003,0.739,1.545,0.358,8.059,4.384,1.602,2.192,0.237,0.866,0.028,0.202,0.327,1.33,0.407,2.212,5.556,2.349,1.754,0.434,0.697,0.622,1.673,0.767,5.185,3,10,3,5,22.5,54.67,37.67,38.28,13
1077,Sh,8.2,31.1,60,9.4,13.4,18.4,6.3,3.8,6.1,3.8,14.9,6,7.7,4.6,12.1,3.7,12.1,15.4,12.9,22.1,49.3,5.9,6,6.4,5.8,3.6,3.8,5.1,4.4,4.3,12.1,3.2,14.5,58.9,23.4,3.4,3.7,3.7,19.1,4.1,1.34,6.559,9.947,1.316,1.032,3.482,0.806,0.338,0.871,0.408,1.703,0.688,0.875,0.372,1.324,0.215,1.562,2.218,0.5,2.009,8.46,0.677,0.829,0.849,0.629,0.027,0.321,0.555,0.425,0.305,1.498,0.217,2.009,11.626,3.651,0.152,0.163,0.102,2.754,0.181,6,11,8,8,47,52.67,43,47.56,11.5
1078,Sh,18.1,60,8.3,6.6,22.3,10.3,4.7,25.4,12.6,4.9,45.4,60,8.6,7.8,8,3.6,15.1,5.2,5.2,4.3,60,34.6,40.7,26,3.6,5.1,3.8,3.9,4.8,8,29.3,60,3.1,60,3.5,9,3.9,3.9,12.3,5.1,2.874,10.16,1.279,1.122,0,1.544,0.643,5.063,2.365,0.692,9.622,11.221,1.345,1.201,1.193,0.025,2.782,0.603,0.834,0.381,10.741,5.875,7.667,4.736,0.313,0.906,0.093,0.356,0.624,1.071,5.5,11.516,0.057,13.154,0,1.459,0.238,0.034,2.177,0.566,6,6,7,6,40.67,28.33,31.33,33.44,20.67
1079,Sh,39.2,9.2,12,8.8,27.2,32.3,18.6,6.6,7.8,9.7,25.1,37.3,10.6,3.2,4,3.5,13.3,5.9,16.8,35.5,25.1,3.4,11.3,9,12.2,4.8,10,7.1,4.2,4.3,12.2,17.5,19.9,23.7,27.3,20.1,4.1,21.6,17.3,20.5,6.541,1.374,1.781,1.567,5.307,5.036,3.078,0.826,1.191,2.008,4.31,7.713,1.951,0,0.51,0.161,1.685,0.602,2.463,6.457,3.705,0.316,1.39,1.438,2.173,0.567,0.966,1.078,0.407,0.285,1.536,2.841,2.617,4.113,5.035,3.598,0.244,3.18,2.871,3.903,6,11,2,6,26.5,54.17,19.5,33.39,11.5
1080,Sh,31.7,54.1,20.6,21.5,7.2,60,5,16.3,9.9,4,11.5,9.1,6.3,12.6,4.1,5.9,15.8,3.9,4.3,5.6,28,23,15,6.6,5.1,8.3,3.8,3.8,10.1,4.3,60,60,60,60,34.9,46.7,3.8,14.9,4.1,11.4,5.392,8.83,2.944,2.768,0.923,9.506,0.732,0.812,1.815,0.474,1.447,1.512,0.772,2.037,0.423,0.672,2.441,0.217,0.155,0.585,4.519,3.274,1.877,0.623,0.672,0.942,0.228,0.41,1.588,0.263,9.259,9.844,9.177,9.121,3.523,7.682,0.209,1.84,0.051,1.535,6,11,7,8,53,43.17,39,45.06,13
1081,Fx,60,60,60,16.8,13.4,15.2,35.4,33.7,31.4,9.6,19.2,26.1,15,5.5,8.3,19.5,18.2,26.2,8.3,6.5,35.2,5.8,12.6,9.8,5.8,6.9,6.2,6.2,6.7,10.9,23.3,20.3,20.7,5.5,5.9,20.6,14.1,15.3,6.7,6.6,11.128,10.992,10.074,2.855,2.21,2.511,5.527,4.856,3.942,0.838,1.861,3.001,1.471,0.342,0.727,1.674,1.304,3.846,0.512,0.223,4.84,0.801,1.466,1.154,0.436,0.58,0.33,0.378,0.386,0.826,2.222,2.645,1.343,0.027,0.12,2.542,1.353,2.023,0.315,0.205,8,7,5,7,34.83,61.17,22.17,39.39,7.83
1082,Fx,44,5.2,22.3,12.1,5.9,5.6,15.6,5.7,27.9,30,45.7,32.8,21.8,5.5,9.4,6,10.4,9.7,11.8,6.5,51.5,16.6,22.7,29.8,9.1,5.8,12.1,10.6,7.8,6.9,60,17.7,28,5.3,22.7,8.4,6.5,6.2,7.4,6.7,8.945,0.594,4.313,2.189,0.818,0.786,2.203,0.692,5.769,5.598,8.787,4.634,1.733,0,0.844,0.352,0.738,1.411,0.864,0.349,8.208,1.023,0.548,5.235,0.392,0.031,0.697,1.089,0.74,0.029,10.212,1.515,2.773,0.087,1.662,0.523,0.163,0.537,0.249,0.314,7,5,5,6,44.17,35.17,38.5,39.28,28.5
1083,Fx,18.3,28.5,42.3,10.9,22.7,13.1,51.5,13.5,13.1,5.8,10.4,5.2,15.1,12.8,16.1,26.3,12.3,6.3,6.5,13.3,20.8,7.7,14.2,37.2,5.8,6.3,7.4,13.6,7.1,6.6,14.4,10.1,17.5,7.3,6.2,6.7,12.9,6.2,14.9,6.7,2.796,4.87,7.7,1.329,3.875,1.952,8.142,2.007,1.969,0.434,1.465,0.155,2.013,2.019,1.635,3.773,1.181,0.149,0.088,1.674,2.724,0.992,1.881,5.569,0.561,0.606,1.006,1.907,0.512,0.573,1.749,1.329,1.751,0.415,0.175,0.245,1.42,0.279,1.898,0.341,3,5,4,4,38.83,43.67,32.5,38.33,23.5
1084,Fx,11.1,8.2,54.2,17,6.9,10.6,21.8,8,12.4,5.8,5.2,5.2,6.5,16.4,11,8,6.3,6.3,14.6,22.6,60,15.7,20.4,60,5.9,29.2,8.7,6.5,8,7.3,52.7,60,39.1,5.5,6.2,38.8,6.3,16.6,23.4,7.1,1.855,1.495,10.503,2.608,0.872,2.112,3.902,0.995,1.488,0.668,0.684,0.527,0.871,3.271,1.815,1.481,0.236,0,2.066,4.018,9.957,2.459,2.058,10.965,0.648,4.711,0.81,0.681,1.208,0.937,9.467,8.441,5.465,0.03,0.033,5.621,0.726,2.446,3.178,0.706,11,4,4,6,50.5,38.83,28.83,39.39,7.67
1085,Sh,45.5,53.7,21.3,3.8,4.6,5.4,11.4,9,13.8,4.1,11.3,4.1,9.8,13.5,12.5,11.6,20.4,6.8,7.1,13.8,15.6,37.8,8.1,3.4,10.3,3.7,7.9,5.9,9.1,4.5,16.8,6.6,36.1,37.2,60,8.3,10.3,60,8.1,31,7.605,7.354,1.59,0.502,0.616,0.834,1.231,1.447,0.959,0.536,1.639,0.559,0.848,2.086,1.57,1.946,1.812,0.85,0.6,2.056,1.798,7.271,0.856,0.031,0.597,0.246,0.318,0.678,1.302,0.307,2.234,0.994,5.691,6.481,7.662,0.852,0.29,9.193,0.255,4.447,5,10,1,5,28.33,47.5,24.67,33.5,10.5
1086,Sh,60,51.2,23.7,34.8,8.6,5.3,13,15.6,14.7,5.6,60,20.4,4.9,9.9,4.4,9,4.4,7.5,4.6,5.4,22.7,33.6,5.3,20,4.6,4.7,4,11.3,17.2,4.4,4.9,3.7,10,5.6,3.7,25.8,18.2,7.3,4.4,11.1,8.085,6.76,3.192,5.21,1.158,0.712,2.02,2.18,2.331,0.556,9.966,2.582,0.41,1.232,0.424,1.179,0.53,0.93,0.148,0.548,3.682,5.908,0.777,3.364,0.572,0.404,0.246,1.708,2.357,0.244,0.514,0.357,0.639,0.708,0.195,3.812,2.528,0.885,0.206,1.181,6,2,5,4,48,30.67,36.5,38.39,24.67
1087,Sh,25.7,9.5,7.4,60,8.2,12.7,9.4,3.8,19.1,16.7,24.9,12.2,17.5,19.7,5.2,3.8,6.6,8.8,4.5,4.6,60,60,14.1,19,7.6,8.9,7.1,4.1,6.5,7.9,38.5,9.8,5.4,7.3,8.7,9.4,5,8.3,4.6,4.3,2.495,1.392,0.743,8.675,1.057,2.009,1.339,0.346,2.822,2.669,4.25,1.778,2.81,2.895,0.547,0.03,0.856,0.719,0.152,0.285,7.125,8.634,0.699,2.286,0.861,1.226,0.908,0.376,0.764,1.093,5.062,1.041,0.598,0.884,0.852,1.291,0.529,0.92,0.111,0.144,3,9,1,4,29.17,53.67,49.67,44.17,12.5
1088,Sh,60,60,47.6,60,6.8,14.6,12.9,9,14,8.3,17.9,31.5,9.3,41.4,14.9,3.8,5.8,10.5,4.5,30.9,4.6,41.8,10.8,3.5,4.3,3.8,8.7,8.5,13.5,18.8,8,28,37.3,60,4.7,6.4,4,4.4,5.3,7.4,10.488,7.74,7.133,9.361,0.724,2.578,1.354,1.423,1.906,1.042,3.306,0.813,1.137,7.086,1.926,0.086,0.74,1.465,0.152,5.298,0.331,6.232,1.75,0.029,0.414,0.106,1.132,1.193,1.687,2.607,1.288,4.771,6.621,10.484,0.517,0.639,0.051,0.437,0.621,1.049,5,3,1,3,24.67,23.17,22,23.28,19.83
1093,Ac,16.4,3.6,14.9,3.3,38.1,6.9,34.7,7.6,7.3,4.5,7.3,8.4,4.9,3.3,3.9,4.5,5.5,4,4.4,16.1,41,20.2,6.7,5.2,4.4,4.3,3.9,4.1,5,4.7,10.2,58.2,9.2,51.4,27.8,4.6,5.8,7.1,4.2,11.6,2.474,0.406,2.811,0.149,6.896,1.037,5.044,0.808,1.01,0.538,1.033,1.373,0.608,0,0.416,0.38,0.648,0.174,0.25,2.811,7.278,2.653,0.779,0.352,0.553,0.256,0.159,0.417,0.574,0.368,1.331,10.311,1.198,9.051,4.685,0.51,0.772,0.864,0.027,1.814,2,4,5,4,24.33,33.17,42.83,33.44,28.83
1094,Ac,35.5,14,8.5,7.6,19.8,21,21.9,5,6.5,4,3.4,5.1,5.2,3.3,12,31.3,15.9,10.3,4.4,4.4,20.7,60,3.9,3.3,13.1,9.2,4.6,4.3,9.2,7.3,19.9,9.4,12.2,11.2,18.7,5.1,8,5,14.6,4.3,5.948,2.002,1.112,1.045,3.426,3.559,3.253,0.522,0.821,0.365,0.371,0.834,0.811,0.333,1.934,5.697,1.356,0.152,0.222,0.39,2.963,10.929,0.409,0.085,1.954,1.17,0.441,0.486,0.985,0.704,2.515,0.818,1.229,1.387,2.256,0.523,0.6,0,2.278,0.025,4,6,5,5,31.33,45.67,41.17,39.39,16.33
1096,Ac,60,8.3,16.3,9.4,4.3,17.6,8.6,8.4,18.8,9.6,46.2,34.8,8.6,6.6,6.8,18.3,4.6,4.1,44.8,22.9,60,13.6,19.3,17.3,19.7,4.1,9.1,9,4.9,5.5,13.4,12.2,8.8,15.5,10.3,7,7.4,4.1,17,5,10.357,0.926,2.264,1.093,0.507,3.155,1.055,1.173,3.035,1.28,7.288,5.829,1.1,0.778,0.685,2.44,0.511,0.213,6.347,2.902,8.545,2.005,2.959,2.207,2.745,0.189,0.7,1.048,0.474,0.475,1.862,1.157,1.117,2.042,1.12,0.752,0.779,0.413,2.022,0.41,3,4,5,4,35.33,40.5,36.67,37.5,18.5
1109,Ac,10.6,35.8,60,60,23.1,32.8,28.1,5.2,12.8,5.8,4.9,6.4,9.2,7.3,6.5,5.8,6,6,38,16.2,30.3,8.4,6.1,13.1,12,7.6,10.1,6.5,14.7,6.4,18.7,20.8,5.3,15.6,18.4,11.9,20.2,5.9,10.4,6.8,1.243,6.5,10.069,9.041,2.937,5.556,4.149,0.443,1.608,0.599,0.384,0.729,1.191,0.674,0.85,0,0.432,0.445,6.484,2.183,5.119,1.063,0.706,1.659,1.336,1.098,0.971,0.618,1.978,0.288,2.233,3.253,0.355,1.53,1.584,1.736,2.539,0.284,0.846,0.41,5,3,6,5,52.67,25,41,39.56,34.5
1110,Ac,7.7,21.5,28.2,25.6,17.7,22.6,16.5,23.8,7.4,10.6,10.8,13,7.4,30.4,13.2,5.7,11.5,7.6,12.2,6.8,60,37.8,11.4,5.3,5.7,10.1,6.8,7,6.4,6.4,17.3,60,31.3,7.3,5.7,5.6,6.9,14,13.7,6.9,0.915,3.993,4.78,4.081,3.009,3.548,2.756,3.825,0.764,1.431,1.814,2.074,0.72,5.068,1.17,0.279,0.89,0.553,1.258,0.464,9.969,5.267,0.677,0.035,0.548,1.167,0.573,0.599,0.469,0.412,1.89,8.549,4.295,0.627,0.299,0.256,0.854,1.755,1.741,0.508,4,2,4,3,49.33,48.83,35.83,44.67,17.5
1111,Ac,60,21.5,13.3,27.6,18.2,19,8.4,12.6,25.5,19.8,15.9,6.2,8,5.4,41.7,21.5,24.4,6.1,10.5,7.2,49.3,7,38.8,8.1,5.6,6.1,6.3,13.1,6.4,6.4,44.3,5.3,28.1,5.3,9.1,24.8,13.1,11.1,9.3,8.5,12.114,3.664,1.545,4.899,2.709,3.381,0.863,1.626,3.327,3.181,1.445,0.736,1.12,0.028,8.08,3.48,2.991,0.239,1.403,0.88,8.139,0.81,6.786,1.001,0,0.921,0.862,1.794,0.773,0.807,5.983,0.532,3.484,0.059,0.918,3.546,1.848,1.521,1.077,1.013,6,4,5,5,28.5,50.83,33.83,37.72,16.83
1112,Ac,41.8,10.8,5.1,11.2,7.4,17,58.6,12.4,47.1,11.9,4.9,4.9,5.4,5.5,7.6,6,6.6,6.6,6.9,6.9,23.5,10.8,17.3,8.7,8.1,11.8,5.9,10.1,6.9,6.4,60,6.3,60,6.9,25.6,9.3,10.5,6.1,6.6,6.5,8.547,1.655,0.639,1.662,1.162,3.177,10.365,1.698,7.063,1.768,0.029,0.3,0.064,0.071,1.097,0.78,0.86,0.667,0.573,0.358,3.878,1.728,2.646,0.968,0.749,1.892,0.302,1.598,0.665,0.148,10.994,0.806,9.555,0.929,3.323,1.006,1.174,0.313,0.728,0.181,3,7,7,6,54.33,42,36.5,44.28,20.67
1113,Sh,7.5,6.3,60,60,12.2,17.1,25.4,10.1,6.5,17.3,7.4,9.9,5.2,10.3,4.3,14.6,18.7,6.1,6.6,21.4,7.5,8.9,6.5,5.4,11.2,12.5,6,8.5,8.3,6.5,60,56.5,33.7,10.9,12.1,35.4,16.2,9,12.9,6.6,0.849,0.812,10.263,9.41,1.764,2.866,4.41,1.277,0.62,2.125,0.857,1.485,0.483,1.469,0.505,2.344,2.317,0.506,0.101,3.954,0.919,1.072,0.747,0.027,1.431,1.961,0.163,1.07,0.903,0.321,6.655,5.867,4.387,0.967,1.296,5.879,2.265,1.19,1.636,0.52,6,5,4,5,32.33,34.67,42.33,36.44,17.33
1114,Sh,60,60,60,29.8,40.5,21.3,25.4,11.4,12.4,10.3,37.8,60,6.9,32.5,6.2,6.3,18.8,44.3,6.6,11.6,40.1,60,12.5,5.3,22.4,5.9,16.9,15.7,11.6,7.4,19.7,7.3,60,11.6,10,60,23.9,38,40.9,6.4,9.358,9.002,9.699,4.224,6.845,2.487,2.845,1.541,1.452,1.327,5.585,9.182,0.801,5.684,0.444,0,2.468,6.088,0.06,1.462,5.828,9.398,0.974,0.035,3.423,0.568,1.46,2.437,1.657,0.735,2.947,1.001,9.361,1.892,1.692,10.447,3.896,5.461,6.349,0.143,3,5,2,3,44.17,54,25.83,41.33,14.17
1115,Sh,60,60,60,10.2,22.3,5.2,13.2,8.1,12.9,5.7,20.1,5.1,10.5,5.5,9.4,5.9,6.2,9.1,13.5,6.4,37.9,5.8,8.7,9.4,12.7,12.1,6.2,6.1,6.6,6.6,25,54.5,23.9,5.3,44.8,5.9,6.2,6.2,15.1,7.2,11.375,9.734,11.582,1.521,3.742,0.414,2.204,1.1,1.948,0.625,3.396,0.268,1.369,0.265,1.119,0,0.712,1.346,1.201,0.393,6.623,0.712,1.032,1.397,2.04,2.161,0.396,0.327,0,0,4.351,9.541,3.605,0,7.585,0.292,0.149,0.542,1.778,0.761,6,6,8,7,46.67,43.17,32.5,40.78,22.83
1116,Sh,20.1,12.2,58.7,22.4,21.9,9.8,9.2,11.6,28.2,10.1,5.5,9.6,6.6,5.9,7.3,8.3,7.8,33.3,6.7,6.6,5,60,22.3,14.1,13.9,5.8,6.3,6.2,6.5,6.6,60,14.7,60,31.5,5.8,6.8,6.2,25.7,6.7,9.9,3.756,2.671,10.764,3.666,3.808,1.305,1.195,1.622,4.701,1.337,0.532,1.343,0.555,0.637,1.013,1.008,0.901,5.432,0.199,0.496,0.475,11.059,3.13,2.413,1.389,0.06,0.548,0.251,0.355,0.139,9.541,1.458,8.441,5.381,0.322,0.908,0.065,4.429,0.027,1.178,0,5,4,3,12.83,44.67,20.5,26,16.33
1201,Ac,28.1,13.6,23,28.7,16.6,8.8,26.4,29.9,10.3,8.4,12.2,7.2,6.9,5.9,44.7,5.9,13.9,15.8,6.5,12.4,10,24,5.5,10.1,5.9,19.1,28.3,20.3,12.5,6.8,60,60,60,5.6,47.2,22.5,6.3,26.4,14.2,7.3,4.334,1.817,3.895,5.1,2.752,0.972,3.872,3.877,1.514,0.99,1.614,0.939,0.857,0.666,7.057,0.086,1.725,2.506,0.061,1.51,1.343,3.516,0.508,1.145,0.47,2.954,3.817,3.035,1.16,0.084,9.125,9.022,9.474,0.058,6.604,3.448,0.189,4.182,1.668,1.008,8,5,5,6,37.33,27.83,36.5,33.89,25.5
1202,Ac,5.9,21.7,60,15.6,10.7,9.1,8.2,11,7.8,8.6,5.2,7.1,6.5,5.6,21.2,5.9,6.3,6.3,6.5,16.6,8.9,9.5,2.9,6,6.3,6.3,6.3,6.3,8,6.6,60,34.9,22.5,9,5.9,39.8,6.1,7.9,6.8,8.6,0.691,3.114,9.751,1.836,1.437,1.284,1.108,1.259,0.951,0.89,0.524,0.891,0.699,0.027,3.124,0.087,0.321,0.811,0.241,2.433,1.432,1.393,0.222,0.505,0.408,0.191,0.21,0.347,1.077,0.065,9.669,4.943,2.717,1.144,0.526,6.662,0.575,0.858,0.685,0.856,0,10,5,5,16.67,47.83,43.5,36,12.83
1203,Ac,60,29.5,5.1,8.8,44.2,24.3,19.3,8.2,5.9,19.8,32.5,5.2,5.7,5.6,6.2,6,6.3,6.6,6.6,7.7,60,25.9,25.6,19.2,6.5,14,6.6,6.8,6.6,8.9,37.1,58.9,8.7,9.1,60,22.4,6.3,22.7,60,24.3,10.443,4.247,0.719,1.383,7.59,3.624,2.433,0.929,0.474,2.836,4.794,0.291,0.3,0.539,0.749,0.025,0.409,0.57,0.248,0.722,9.075,3.433,3.562,2.542,0.452,0.453,0.913,0.814,0.284,1.212,6.076,8.866,1.239,1.223,9.413,3.309,0.784,3.934,10.068,3.567,6,8,1,5,57.83,51.17,14.83,41.28,15
1204,Ac,7.9,40.2,37.5,8.5,27.1,13,22.4,5.6,10.5,6.5,59.9,20,9.2,5.4,7.5,6.6,31.4,6.3,12.7,12.5,18.9,5.1,10.4,6.3,6.2,6.7,17.8,6.3,6.7,20.3,22.3,11.1,19.5,60,19.9,14.8,60,60,16.7,20.3,1.152,8.094,6.109,1.042,4.63,1.832,4.016,0.605,1.275,0.682,10.329,2.916,0.572,0.147,0.862,1.032,6.497,0.109,1.324,1.756,1.695,0.565,0.95,0.713,0.72,0.878,1.739,0.383,0.505,3.84,2.879,1.827,3.385,10.929,1.104,2.006,10.6,10.513,0.39,2.664,3,3,1,2,33.5,22.33,17.17,24.33,23.5